比容量(mAh/g)	电压(V)	
0.00	0.4394	
0.18	1.5552	
0.37	1.6401	
0.55	1.6504	
0.73	1.6529	
0.92	1.6538	
1.10	1.6548	
1.28	1.6558	
1.47	1.6563	
1.65	1.6568	
1.83	1.6581	
2.02	1.6593	
2.20	1.6606	
2.38	1.6612	
2.57	1.6622	
2.75	1.6629	
2.93	1.6641	
3.11	1.6644	
3.30	1.6649	
3.48	1.6652	
3.66	1.6655	
3.85	1.6658	
4.03	1.6667	
4.21	1.6671	
4.40	1.6675	
4.58	1.6686	
4.76	1.6682	
4.95	1.6689	
5.13	1.6691	
5.31	1.6692	
5.50	1.6693	
5.68	1.6693	
5.86	1.6690	
6.05	1.6696	
6.23	1.6700	
6.41	1.6703	
6.60	1.6706	
6.78	1.6709	
6.96	1.6717	
7.15	1.6721	
7.33	1.6719	
7.51	1.6718	
7.70	1.6718	
7.88	1.6718	
8.06	1.6717	
8.25	1.6721	
8.43	1.6729	
8.61	1.6735	
8.79	1.6747	
8.98	1.6753	
9.16	1.6753	
9.34	1.6753	
9.53	1.6757	
9.71	1.6760	
9.89	1.6758	
10.08	1.6760	
10.26	1.6759	
10.44	1.6755	
10.63	1.6759	
10.81	1.6754	
10.99	1.6752	
11.18	1.6750	
11.36	1.6751	
11.54	1.6755	
11.73	1.6753	
11.91	1.6753	
12.09	1.6752	
12.28	1.6753	
12.46	1.6757	
12.64	1.6756	
12.83	1.6752	
13.01	1.6766	
13.19	1.6768	
13.38	1.6776	
13.56	1.6787	
13.74	1.6789	
13.93	1.6785	
14.11	1.6785	
14.29	1.6785	
14.47	1.6785	
14.66	1.6790	
14.84	1.6798	
15.02	1.6800	
15.21	1.6802	
15.39	1.6798	
15.57	1.6804	
15.76	1.6806	
15.94	1.6803	
16.12	1.6793	
16.31	1.6787	
16.49	1.6781	
16.67	1.6775	
16.86	1.6769	
17.04	1.6763	
17.22	1.6760	
17.41	1.6758	
17.59	1.6756	
17.77	1.6758	
17.96	1.6763	
18.14	1.6769	
18.32	1.6778	
18.51	1.6784	
18.69	1.6784	
18.87	1.6785	
19.06	1.6786	
19.24	1.6785	
19.42	1.6782	
19.61	1.6787	
19.79	1.6786	
19.97	1.6788	
20.15	1.6792	
20.34	1.6800	
20.52	1.6804	
20.70	1.6807	
20.89	1.6803	
21.07	1.6806	
21.25	1.6809	
21.44	1.6814	
21.62	1.6817	
21.80	1.6288	
21.99	1.6249	
22.17	1.6366	
22.35	1.6476	
22.54	1.6565	
22.72	1.6632	
22.90	1.6682	
23.09	1.6708	
23.27	1.6731	
23.45	1.6753	
23.64	1.6768	
23.82	1.6775	
24.00	1.6781	
24.19	1.6785	
24.37	1.6790	
24.55	1.6795	
24.74	1.6798	
24.92	1.6805	
25.10	1.6811	
25.29	1.6823	
25.47	1.6829	
25.65	1.6826	
25.83	1.6822	
26.02	1.6835	
26.20	1.6845	
26.38	1.6839	
26.57	1.6831	
26.75	1.6827	
26.93	1.6818	
27.12	1.6815	
27.30	1.6814	
27.48	1.6818	
27.67	1.6814	
27.85	1.6812	
28.03	1.6813	
28.22	1.6814	
28.40	1.6826	
28.58	1.6829	
28.77	1.6828	
28.95	1.6833	
29.13	1.6828	
29.32	1.6833	
29.50	1.6836	
29.68	1.6841	
29.87	1.6842	
30.05	1.6853	
30.23	1.6863	
30.42	1.6865	
30.60	1.6857	
30.78	1.6847	
30.97	1.6845	
31.15	1.6840	
31.33	1.6843	
31.51	1.6850	
31.70	1.6854	
31.88	1.6847	
32.06	1.6840	
32.25	1.6847	
32.43	1.6851	
32.61	1.6844	
32.80	1.6838	
32.98	1.5914	
33.16	1.6156	
33.35	1.6360	
33.53	1.6493	
33.71	1.6596	
33.90	1.6661	
34.08	1.6703	
34.26	1.6737	
34.45	1.6754	
34.63	1.6759	
34.81	1.6764	
35.00	1.6766	
35.18	1.6775	
35.36	1.6793	
35.55	1.6802	
35.73	1.6809	
35.91	1.6813	
36.10	1.6825	
36.28	1.6839	
36.46	1.6844	
36.65	1.6845	
36.83	1.6844	
37.01	1.6835	
37.19	1.6839	
37.38	1.6836	
37.56	1.6836	
37.74	1.6839	
37.93	1.6837	
38.11	1.6836	
38.29	1.6835	
38.48	1.6837	
38.66	1.6836	
38.84	1.6844	
39.03	1.6846	
39.21	1.6849	
39.39	1.6846	
39.58	1.6845	
39.76	1.6846	
39.94	1.6846	
40.13	1.6845	
40.31	1.6855	
40.49	1.6857	
40.68	1.6855	
40.86	1.6858	
41.04	1.6862	
41.23	1.6865	
41.41	1.6867	
41.59	1.6875	
41.78	1.6873	
41.96	1.6878	
42.14	1.6870	
42.33	1.6867	
42.51	1.6862	
42.69	1.6867	
42.87	1.6870	
43.06	1.6877	
43.24	1.6878	
43.42	1.5842	
43.61	1.6122	
43.79	1.6392	
43.97	1.6542	
44.16	1.6645	
44.34	1.6706	
44.52	1.6743	
44.71	1.6775	
44.89	1.6798	
45.07	1.6811	
45.26	1.6821	
45.44	1.6819	
45.62	1.6817	
45.81	1.6815	
45.99	1.6812	
46.17	1.6810	
46.36	1.6808	
46.54	1.6805	
46.72	1.6801	
46.91	1.6794	
47.09	1.6794	
47.27	1.6794	
47.46	1.6790	
47.64	1.6785	
47.82	1.6783	
48.01	1.6781	
48.19	1.6786	
48.37	1.6791	
48.55	1.6791	
48.74	1.6796	
48.92	1.6809	
49.10	1.6815	
49.29	1.6815	
49.47	1.6813	
49.65	1.6811	
49.84	1.6820	
50.02	1.6823	
50.20	1.6817	
50.39	1.6821	
50.57	1.6826	
50.75	1.6827	
50.94	1.6824	
51.12	1.6825	
51.30	1.6823	
51.49	1.6821	
51.67	1.6820	
51.85	1.6812	
52.04	1.6814	
52.22	1.6816	
52.40	1.6823	
52.59	1.6823	
52.77	1.6825	
52.95	1.6827	
53.14	1.6827	
53.32	1.5176	
53.50	1.5284	
53.69	1.5791	
53.87	1.6131	
54.05	1.6359	
54.24	1.6488	
54.42	1.6566	
54.60	1.6622	
54.78	1.6678	
54.97	1.6718	
55.15	1.6739	
55.33	1.6751	
55.52	1.6759	
55.70	1.6762	
55.88	1.6766	
56.07	1.6781	
56.25	1.6786	
56.43	1.6787	
56.62	1.6788	
56.80	1.6796	
56.98	1.6793	
57.17	1.6791	
57.35	1.6793	
57.53	1.6798	
57.72	1.6794	
57.90	1.6792	
58.08	1.6790	
58.27	1.6790	
58.45	1.6789	
58.63	1.6792	
58.82	1.6799	
59.00	1.6798	
59.18	1.6797	
59.37	1.6793	
59.55	1.6790	
59.73	1.6791	
59.92	1.6789	
60.10	1.6785	
60.28	1.6784	
60.46	1.6786	
60.65	1.6788	
60.83	1.6792	
61.01	1.6792	
61.20	1.6792	
61.38	1.6784	
61.56	1.6779	
61.75	1.6774	
61.93	1.6773	
62.11	1.6781	
62.30	1.6783	
62.48	1.6787	
62.66	1.6784	
62.85	1.6784	
63.03	1.6784	
63.21	1.5582	
63.40	1.4900	
63.58	1.5410	
63.76	1.5867	
63.95	1.6154	
64.13	1.6338	
64.31	1.6455	
64.50	1.6537	
64.68	1.6600	
64.86	1.6633	
65.05	1.6658	
65.23	1.6681	
65.41	1.6693	
65.60	1.6707	
65.78	1.6715	
65.96	1.6715	
66.14	1.6718	
66.33	1.6729	
66.51	1.6737	
66.69	1.6740	
66.88	1.6738	
67.06	1.6738	
67.24	1.6740	
67.43	1.6743	
67.61	1.6743	
67.79	1.6743	
67.98	1.6744	
68.16	1.6748	
68.34	1.6755	
68.53	1.6753	
68.71	1.6746	
68.89	1.6746	
69.08	1.6755	
69.26	1.6774	
69.44	1.6770	
69.63	1.6767	
69.81	1.6765	
69.99	1.6767	
70.18	1.6764	
70.36	1.6762	
70.54	1.6763	
70.73	1.6759	
70.91	1.6755	
71.09	1.6756	
71.28	1.6754	
71.46	1.6765	
71.64	1.6767	
71.82	1.6773	
72.01	1.6778	
72.19	1.6776	
72.37	1.6773	
72.56	1.6769	
72.74	1.6770	
72.92	1.6774	
73.11	1.6764	
73.29	1.6764	
73.47	1.6767	
73.66	1.6769	
73.84	1.4646	
74.02	1.4629	
74.21	1.5174	
74.39	1.5690	
74.57	1.6009	
74.76	1.6219	
74.94	1.6362	
75.12	1.6462	
75.31	1.6531	
75.49	1.6583	
75.67	1.6610	
75.86	1.6636	
76.04	1.6651	
76.22	1.6662	
76.41	1.6677	
76.59	1.6686	
76.77	1.6695	
76.96	1.6698	
77.14	1.6703	
77.32	1.6704	
77.50	1.6710	
77.69	1.6709	
77.87	1.6710	
78.05	1.6708	
78.24	1.6708	
78.42	1.6710	
78.60	1.6711	
78.79	1.6710	
78.97	1.6712	
79.15	1.6713	
79.34	1.6716	
79.52	1.6719	
79.70	1.6718	
79.89	1.6719	
80.07	1.6719	
80.25	1.6719	
80.44	1.6719	
80.62	1.6714	
80.80	1.6714	
80.99	1.6716	
81.17	1.6718	
81.35	1.6723	
81.54	1.6725	
81.72	1.6727	
81.90	1.6738	
82.09	1.6736	
82.27	1.6740	
82.45	1.6738	
82.64	1.6742	
82.82	1.6746	
83.00	1.6742	
83.18	1.6739	
83.37	1.6737	
83.55	1.6740	
83.73	1.6738	
83.92	1.6745	
84.10	1.6754	
84.28	1.6755	
84.47	1.4431	
84.65	1.4715	
84.83	1.5254	
85.02	1.5738	
85.20	1.6054	
85.38	1.6256	
85.57	1.6379	
85.75	1.6464	
85.93	1.6524	
86.12	1.6565	
86.30	1.6598	
86.48	1.6621	
86.67	1.6640	
86.85	1.6655	
87.03	1.6666	
87.22	1.6674	
87.40	1.6682	
87.58	1.6688	
87.77	1.6700	
87.95	1.6707	
88.13	1.6721	
88.32	1.6720	
88.50	1.6713	
88.68	1.6718	
88.86	1.6716	
89.05	1.6713	
89.23	1.6721	
89.41	1.6722	
89.60	1.6722	
89.78	1.6724	
89.96	1.6728	
90.15	1.6724	
90.33	1.6721	
90.51	1.6721	
90.70	1.6723	
90.88	1.6721	
91.06	1.6724	
91.25	1.6726	
91.43	1.6724	
91.61	1.6727	
91.80	1.6720	
91.98	1.6727	
92.16	1.6727	
92.35	1.6727	
92.53	1.6726	
92.71	1.6733	
92.90	1.6735	
93.08	1.6735	
93.26	1.6732	
93.45	1.6729	
93.63	1.6724	
93.81	1.6724	
94.00	1.6725	
94.18	1.6738	
94.36	1.6742	
94.54	1.6751	
94.73	1.4323	
94.91	1.4316	
95.09	1.4840	
95.28	1.5388	
95.46	1.5849	
95.64	1.6111	
95.83	1.6300	
96.01	1.6407	
96.19	1.6490	
96.38	1.6543	
96.56	1.6593	
96.74	1.6627	
96.93	1.6646	
97.11	1.6661	
97.29	1.6666	
97.48	1.6672	
97.66	1.6673	
97.84	1.6676	
98.03	1.6678	
98.21	1.6676	
98.39	1.6676	
98.58	1.6677	
98.76	1.6689	
98.94	1.6718	
99.13	1.6726	
99.31	1.6724	
99.49	1.6716	
99.68	1.6715	
99.86	1.6709	
100.04	1.6701	
100.22	1.6700	
100.41	1.6693	
100.59	1.6688	
100.77	1.6689	
100.96	1.6687	
101.14	1.6688	
101.32	1.6687	
101.51	1.6687	
101.69	1.6688	
101.87	1.6694	
102.06	1.6693	
102.24	1.6691	
102.42	1.6691	
102.61	1.6691	
102.79	1.6698	
102.97	1.6700	
103.16	1.6697	
103.34	1.6701	
103.52	1.6697	
103.71	1.6703	
103.89	1.6702	
104.07	1.6706	
104.26	1.6706	
104.44	1.6705	
104.62	1.6706	
104.81	1.6705	
104.99	1.6700	
105.17	1.5357	
105.36	1.3804	
105.54	1.4086	
105.72	1.4583	
105.91	1.5101	
106.09	1.5603	
106.27	1.5936	
106.45	1.6130	
106.64	1.6262	
106.82	1.6356	
107.00	1.6420	
107.19	1.6470	
107.37	1.6511	
107.55	1.6532	
107.74	1.6554	
107.92	1.6569	
108.10	1.6587	
108.29	1.6593	
108.47	1.6600	
108.65	1.6608	
108.84	1.6616	
109.02	1.6625	
109.20	1.6636	
109.39	1.6639	
109.57	1.6657	
109.75	1.6647	
109.94	1.6653	
110.12	1.6652	
110.30	1.6665	
110.49	1.6681	
110.67	1.6694	
110.85	1.6692	
111.04	1.6706	
111.22	1.6719	
111.40	1.6716	
111.59	1.6716	
111.77	1.6709	
111.95	1.6710	
112.13	1.6716	
112.32	1.6712	
112.50	1.6708	
112.68	1.6705	
112.87	1.6698	
113.05	1.6703	
113.23	1.6701	
113.42	1.6706	
113.60	1.6712	
113.78	1.6710	
113.97	1.6705	
114.15	1.6702	
114.33	1.6709	
114.52	1.6707	
114.70	1.6708	
114.88	1.6710	
115.07	1.6716	
115.25	1.6730	
115.43	1.6728	
115.62	1.6720	
115.80	1.3897	
115.98	1.4123	
116.17	1.4644	
116.35	1.5174	
116.53	1.5694	
116.72	1.5994	
116.90	1.6190	
117.08	1.6315	
117.27	1.6398	
117.45	1.6476	
117.63	1.6542	
117.81	1.6585	
118.00	1.6604	
118.18	1.6630	
118.36	1.6650	
118.55	1.6651	
118.73	1.6657	
118.91	1.6664	
119.10	1.6678	
119.28	1.6683	
119.46	1.6692	
119.65	1.6692	
119.83	1.6702	
120.01	1.6706	
120.20	1.6707	
120.38	1.6716	
120.56	1.6713	
120.75	1.6725	
120.93	1.6717	
121.11	1.6722	
121.30	1.6724	
121.48	1.6731	
121.66	1.6731	
121.85	1.6718	
122.03	1.6717	
122.21	1.6730	
122.40	1.6738	
122.58	1.6736	
122.76	1.6720	
122.95	1.6713	
123.13	1.6709	
123.31	1.6713	
123.49	1.6711	
123.68	1.6718	
123.86	1.6723	
124.04	1.6723	
124.23	1.6722	
124.41	1.6716	
124.59	1.6706	
124.78	1.6698	
124.96	1.6697	
125.14	1.6705	
125.33	1.6710	
125.51	1.6702	
125.69	1.6696	
125.88	1.3700	
126.06	1.3931	
126.24	1.4444	
126.43	1.4915	
126.61	1.5390	
126.79	1.5760	
126.98	1.6023	
127.16	1.6203	
127.34	1.6314	
127.53	1.6397	
127.71	1.6455	
127.89	1.6507	
128.08	1.6531	
128.26	1.6542	
128.44	1.6557	
128.63	1.6586	
128.81	1.6605	
128.99	1.6619	
129.17	1.6620	
129.36	1.6618	
129.54	1.6629	
129.72	1.6627	
129.91	1.6626	
130.09	1.6623	
130.27	1.6632	
130.46	1.6626	
130.64	1.6627	
130.82	1.6629	
131.01	1.6633	
131.19	1.6639	
131.37	1.6632	
131.56	1.6630	
131.74	1.6648	
131.92	1.6648	
132.11	1.6641	
132.29	1.6646	
132.47	1.6648	
132.66	1.6636	
132.84	1.6647	
133.02	1.6665	
133.21	1.6667	
133.39	1.6672	
133.57	1.6689	
133.76	1.6701	
133.94	1.6703	
134.12	1.6699	
134.31	1.6696	
134.49	1.6683	
134.67	1.6673	
134.85	1.6669	
135.04	1.6662	
135.22	1.6666	
135.40	1.6657	
135.59	1.4272	
135.77	1.3615	
135.95	1.3877	
136.14	1.4375	
136.32	1.4818	
136.50	1.5337	
136.69	1.5755	
136.87	1.6034	
137.05	1.6219	
137.24	1.6328	
137.42	1.6385	
137.60	1.6442	
137.79	1.6490	
137.97	1.6511	
138.15	1.6534	
138.34	1.6534	
138.52	1.6550	
138.70	1.6566	
138.89	1.6565	
139.07	1.6565	
139.25	1.6570	
139.44	1.6571	
139.62	1.6574	
139.80	1.6578	
139.99	1.6587	
140.17	1.6598	
140.35	1.6612	
140.53	1.6611	
140.72	1.6614	
140.90	1.6603	
141.08	1.6600	
141.27	1.6611	
141.45	1.6622	
141.63	1.6607	
141.82	1.6619	
142.00	1.6618	
142.18	1.6636	
142.37	1.6627	
142.55	1.6616	
142.73	1.6620	
142.92	1.6618	
143.10	1.6626	
143.28	1.6630	
143.47	1.6627	
143.65	1.6635	
143.83	1.6640	
144.02	1.6653	
144.20	1.6645	
144.38	1.6635	
144.57	1.6632	
144.75	1.6646	
144.93	1.6647	
145.12	1.6634	
145.30	1.5098	
145.48	1.3491	
145.67	1.3864	
145.85	1.4392	
146.03	1.4812	
146.21	1.5279	
146.40	1.5683	
146.58	1.5909	
146.76	1.6066	
146.95	1.6183	
147.13	1.6267	
147.31	1.6328	
147.50	1.6379	
147.68	1.6421	
147.86	1.6448	
148.05	1.6469	
148.23	1.6494	
148.41	1.6516	
148.60	1.6533	
148.78	1.6550	
148.96	1.6567	
149.15	1.6582	
149.33	1.6583	
149.51	1.6579	
149.70	1.6596	
149.88	1.6599	
150.06	1.6611	
150.25	1.6610	
150.43	1.6597	
150.61	1.6592	
150.80	1.6578	
150.98	1.6576	
151.16	1.6594	
151.35	1.6593	
151.53	1.6597	
151.71	1.6593	
151.90	1.6604	
152.08	1.6606	
152.26	1.6612	
152.44	1.6611	
152.63	1.6614	
152.81	1.6617	
152.99	1.6618	
153.18	1.6612	
153.36	1.6612	
153.54	1.6616	
153.73	1.6619	
153.91	1.6628	
154.09	1.6618	
154.28	1.6625	
154.46	1.6637	
154.64	1.6642	
154.83	1.6643	
155.01	1.6644	
155.19	1.6644	
155.38	1.3751	
155.56	1.3646	
155.74	1.4155	
155.93	1.4593	
156.11	1.4997	
156.29	1.5389	
156.48	1.5738	
156.66	1.5948	
156.84	1.6116	
157.03	1.6201	
157.21	1.6287	
157.39	1.6341	
157.58	1.6402	
157.76	1.6437	
157.94	1.6464	
158.12	1.6492	
158.31	1.6514	
158.49	1.6533	
158.67	1.6543	
158.86	1.6547	
159.04	1.6547	
159.22	1.6540	
159.41	1.6550	
159.59	1.6546	
159.77	1.6555	
159.96	1.6553	
160.14	1.6558	
160.32	1.6549	
160.51	1.6538	
160.69	1.6527	
160.87	1.6518	
161.06	1.6529	
161.24	1.6542	
161.42	1.6559	
161.61	1.6563	
161.79	1.6563	
161.97	1.6551	
162.16	1.6536	
162.34	1.6540	
162.52	1.6546	
162.71	1.6564	
162.89	1.6561	
163.07	1.6565	
163.26	1.6546	
163.44	1.6551	
163.62	1.6559	
163.80	1.6565	
163.99	1.6553	
164.17	1.6546	
164.35	1.6538	
164.54	1.6539	
164.72	1.6533	
164.90	1.6526	
165.09	1.6525	
165.27	1.6531	
165.45	1.6530	
165.64	1.3732	
165.82	1.3452	
166.00	1.3956	
166.19	1.4389	
166.37	1.4745	
166.55	1.5161	
166.74	1.5518	
166.92	1.5758	
167.10	1.5913	
167.29	1.6060	
167.47	1.6138	
167.65	1.6221	
167.84	1.6294	
168.02	1.6343	
168.20	1.6372	
168.39	1.6395	
168.57	1.6395	
168.75	1.6413	
168.94	1.6425	
169.12	1.6451	
169.30	1.6463	
169.48	1.6461	
169.67	1.6460	
169.85	1.6454	
170.03	1.6466	
170.22	1.6466	
170.40	1.6459	
170.58	1.6456	
170.77	1.6451	
170.95	1.6447	
171.13	1.6449	
171.32	1.6456	
171.50	1.6478	
171.68	1.6481	
171.87	1.6485	
172.05	1.6481	
172.23	1.6478	
172.42	1.6472	
172.60	1.6469	
172.78	1.6465	
172.97	1.6467	
173.15	1.6490	
173.33	1.6494	
173.52	1.6486	
173.70	1.6495	
173.88	1.6488	
174.07	1.6484	
174.25	1.6477	
174.43	1.6475	
174.62	1.6479	
174.80	1.4730	
174.98	1.3178	
175.16	1.3415	
175.35	1.3953	
175.53	1.4407	
175.71	1.4739	
175.90	1.5136	
176.08	1.5489	
176.26	1.5726	
176.45	1.5897	
176.63	1.6013	
176.81	1.6088	
177.00	1.6153	
177.18	1.6208	
177.36	1.6263	
177.55	1.6290	
177.73	1.6309	
177.91	1.6325	
178.10	1.6337	
178.28	1.6358	
178.46	1.6366	
178.65	1.6384	
178.83	1.6394	
179.01	1.6397	
179.20	1.6402	
179.38	1.6402	
179.56	1.6411	
179.75	1.6414	
179.93	1.6415	
180.11	1.6417	
180.30	1.6421	
180.48	1.6419	
180.66	1.6421	
180.85	1.6421	
181.03	1.6407	
181.21	1.6425	
181.39	1.6425	
181.58	1.6448	
181.76	1.6453	
181.94	1.6453	
182.13	1.6449	
182.31	1.6449	
182.49	1.6438	
182.68	1.6438	
182.86	1.6433	
183.04	1.5262	
183.23	1.3350	
183.41	1.3446	
183.59	1.3940	
183.78	1.4381	
183.96	1.4697	
184.14	1.5072	
184.33	1.5414	
184.51	1.5677	
184.69	1.5858	
184.88	1.5987	
185.06	1.6082	
185.24	1.6144	
185.43	1.6197	
185.61	1.6240	
185.79	1.6269	
185.98	1.6297	
186.16	1.6310	
186.34	1.6330	
186.53	1.6339	
186.71	1.6355	
186.89	1.6355	
187.07	1.6362	
187.26	1.6374	
187.44	1.6384	
187.62	1.6386	
187.81	1.6398	
187.99	1.6402	
188.17	1.6431	
188.36	1.6448	
188.54	1.6453	
188.72	1.6453	
188.91	1.6448	
189.09	1.6465	
189.27	1.6466	
189.46	1.6460	
189.64	1.6457	
189.82	1.6462	
190.01	1.6472	
190.19	1.6487	
190.37	1.6478	
190.56	1.6482	
190.74	1.6483	
190.92	1.6471	
191.11	1.6464	
191.29	1.6463	
191.47	1.6457	
191.66	1.6453	
191.84	1.6453	
192.02	1.6453	
192.21	1.6452	
192.39	1.6447	
192.57	1.6448	
192.75	1.3407	
192.94	1.3191	
193.12	1.3647	
193.30	1.4150	
193.49	1.4514	
193.67	1.4827	
193.85	1.5202	
194.04	1.5511	
194.22	1.5729	
194.40	1.5876	
194.59	1.5990	
194.77	1.6074	
194.95	1.6137	
195.14	1.6184	
195.32	1.6217	
195.50	1.6244	
195.69	1.6261	
195.87	1.6281	
196.05	1.6295	
196.24	1.6312	
196.42	1.6295	
196.60	1.6320	
196.79	1.6331	
196.97	1.6346	
197.15	1.6356	
197.34	1.6361	
197.52	1.6369	
197.70	1.6368	
197.89	1.6369	
198.07	1.6362	
198.25	1.6370	
198.43	1.6370	
198.62	1.6374	
198.80	1.6379	
198.98	1.6383	
199.17	1.6392	
199.35	1.6396	
199.53	1.6394	
199.72	1.6395	
199.90	1.6403	
200.08	1.6405	
200.27	1.6403	
200.45	1.6399	
200.63	1.6390	
200.82	1.6398	
201.00	1.6401	
201.18	1.6402	
201.37	1.6404	
201.55	1.6409	
201.73	1.6417	
201.92	1.6419	
202.10	1.6414	
202.28	1.6419	
202.47	1.3414	
202.65	1.3091	
202.83	1.3459	
203.02	1.3974	
203.20	1.4417	
203.38	1.4713	
203.57	1.5068	
203.75	1.5406	
203.93	1.5652	
204.11	1.5823	
204.30	1.5947	
204.48	1.6046	
204.66	1.6119	
204.85	1.6167	
205.03	1.6189	
205.21	1.6228	
205.40	1.6256	
205.58	1.6285	
205.76	1.6311	
205.95	1.6324	
206.13	1.6327	
206.31	1.6338	
206.50	1.6356	
206.68	1.6375	
206.86	1.6406	
207.05	1.6427	
207.23	1.6428	
207.41	1.6441	
207.60	1.6449	
207.78	1.6455	
207.96	1.6474	
208.15	1.6477	
208.33	1.6482	
208.51	1.6489	
208.70	1.6483	
208.88	1.6475	
209.06	1.6471	
209.25	1.6469	
209.43	1.6473	
209.61	1.6473	
209.80	1.6473	
209.98	1.6466	
210.16	1.6477	
210.34	1.6504	
210.53	1.6509	
210.71	1.6520	
210.89	1.6523	
211.08	1.6523	
211.26	1.6535	
211.44	1.6532	
211.63	1.6544	
211.81	1.6554	
211.99	1.6558	
212.18	1.6554	
212.36	1.6553	
212.54	1.6558	
212.73	1.6549	
212.91	1.3314	
213.09	1.3664	
213.28	1.4188	
213.46	1.4569	
213.64	1.4904	
213.83	1.5259	
214.01	1.5569	
214.19	1.5798	
214.38	1.5971	
214.56	1.6097	
214.74	1.6166	
214.93	1.6217	
215.11	1.6263	
215.29	1.6290	
215.48	1.6337	
215.66	1.6374	
215.84	1.6388	
216.02	1.6384	
216.21	1.6379	
216.39	1.6398	
216.57	1.6403	
216.76	1.6417	
216.94	1.6422	
217.12	1.6440	
217.31	1.6456	
217.49	1.6441	
217.67	1.6440	
217.86	1.6457	
218.04	1.6459	
218.22	1.6462	
218.41	1.6466	
218.59	1.6463	
218.77	1.6465	
218.96	1.6462	
219.14	1.6462	
219.32	1.6455	
219.51	1.6453	
219.69	1.6456	
219.87	1.6443	
220.06	1.6437	
220.24	1.6441	
220.42	1.6439	
220.61	1.6437	
220.79	1.6458	
220.97	1.6444	
221.16	1.6465	
221.34	1.6482	
221.52	1.6477	
221.70	1.6467	
221.89	1.4024	
222.07	1.3095	
222.25	1.3231	
222.44	1.3682	
222.62	1.4180	
222.80	1.4535	
222.99	1.4806	
223.17	1.5141	
223.35	1.5446	
223.54	1.5657	
223.72	1.5823	
223.90	1.5945	
224.09	1.6035	
224.27	1.6113	
224.45	1.6166	
224.64	1.6213	
224.82	1.6239	
225.00	1.6249	
225.19	1.6276	
225.37	1.6305	
225.55	1.6341	
225.74	1.6339	
225.92	1.6347	
226.10	1.6343	
226.29	1.6370	
226.47	1.6378	
226.65	1.6394	
226.84	1.6400	
227.02	1.6403	
227.20	1.6411	
227.38	1.6405	
227.57	1.6394	
227.75	1.6384	
227.93	1.6382	
228.12	1.6361	
228.30	1.6362	
228.48	1.6367	
228.67	1.6364	
228.85	1.6377	
229.03	1.6394	
229.22	1.6410	
229.40	1.6410	
229.58	1.6415	
229.77	1.6405	
229.95	1.6399	
230.13	1.6410	
230.32	1.6413	
230.50	1.6407	
230.68	1.6417	
230.87	1.6436	
231.05	1.6454	
231.23	1.6464	
231.42	1.6450	
231.60	1.6408	
231.78	1.3317	
231.97	1.2994	
232.15	1.3298	
232.33	1.3836	
232.52	1.4301	
232.70	1.4613	
232.88	1.4890	
233.06	1.5227	
233.25	1.5514	
233.43	1.5730	
233.61	1.5875	
233.80	1.5992	
233.98	1.6075	
234.16	1.6125	
234.35	1.6155	
234.53	1.6184	
234.71	1.6211	
234.90	1.6224	
235.08	1.6241	
235.26	1.6281	
235.45	1.6327	
235.63	1.6349	
235.81	1.6351	
236.00	1.6346	
236.18	1.6339	
236.36	1.6345	
236.55	1.6341	
236.73	1.6337	
236.91	1.6339	
237.10	1.6329	
237.28	1.6371	
237.46	1.6393	
237.65	1.6395	
237.83	1.6385	
238.01	1.6382	
238.20	1.6390	
238.38	1.6383	
238.56	1.6380	
238.74	1.6381	
238.93	1.6378	
239.11	1.6377	
239.29	1.6379	
239.48	1.6382	
239.66	1.6374	
239.84	1.6380	
240.03	1.6378	
240.21	1.6393	
240.39	1.6405	
240.58	1.6436	
240.76	1.6441	
240.94	1.6450	
241.13	1.6459	
241.31	1.6495	
241.49	1.6474	
241.68	1.3549	
241.86	1.3074	
242.04	1.3304	
242.23	1.3702	
242.41	1.4124	
242.59	1.4492	
242.78	1.4767	
242.96	1.5086	
243.14	1.5385	
243.33	1.5615	
243.51	1.5794	
243.69	1.5897	
243.88	1.5984	
244.06	1.6052	
244.24	1.6126	
244.43	1.6168	
244.61	1.6202	
244.79	1.6228	
244.97	1.6238	
245.16	1.6257	
245.34	1.6272	
245.52	1.6281	
245.71	1.6294	
245.89	1.6310	
246.07	1.6329	
246.26	1.6337	
246.44	1.6357	
246.62	1.6366	
246.81	1.6375	
246.99	1.6398	
247.17	1.6402	
247.36	1.6413	
247.54	1.6425	
247.72	1.6442	
247.91	1.6442	
248.09	1.6428	
248.27	1.6427	
248.46	1.6417	
248.64	1.6402	
248.82	1.6405	
249.01	1.6410	
249.19	1.6402	
249.37	1.6405	
249.56	1.6400	
249.74	1.6415	
249.92	1.6420	
250.11	1.6414	
250.29	1.6396	
250.47	1.6397	
250.65	1.6400	
250.84	1.6407	
251.02	1.3621	
251.20	1.3102	
251.39	1.3289	
251.57	1.3702	
251.75	1.4182	
251.94	1.4548	
252.12	1.4870	
252.30	1.5232	
252.49	1.5544	
252.67	1.5729	
252.85	1.5870	
253.04	1.5971	
253.22	1.6046	
253.40	1.6112	
253.59	1.6174	
253.77	1.6205	
253.95	1.6233	
254.14	1.6241	
254.32	1.6258	
254.50	1.6276	
254.69	1.6290	
254.87	1.6300	
255.05	1.6337	
255.24	1.6347	
255.42	1.6364	
255.60	1.6367	
255.79	1.6369	
255.97	1.6379	
256.15	1.6405	
256.33	1.6393	
256.52	1.6399	
256.70	1.6396	
256.88	1.6383	
257.07	1.6378	
257.25	1.6383	
257.43	1.6392	
257.62	1.6393	
257.80	1.6421	
257.98	1.6429	
258.17	1.6429	
258.35	1.6434	
258.53	1.6451	
258.72	1.6458	
258.90	1.6459	
259.08	1.6451	
259.27	1.6457	
259.45	1.6449	
259.63	1.6437	
259.82	1.6436	
260.00	1.6436	
260.18	1.6446	
260.37	1.4259	
260.55	1.3174	
260.73	1.3273	
260.92	1.3654	
261.10	1.4079	
261.28	1.4466	
261.47	1.4754	
261.65	1.5092	
261.83	1.5426	
262.01	1.5662	
262.20	1.5819	
262.38	1.5947	
262.56	1.6035	
262.75	1.6080	
262.93	1.6142	
263.11	1.6197	
263.30	1.6225	
263.48	1.6266	
263.66	1.6297	
263.85	1.6304	

比容量(mAh/g)	电压(V)	
0.00	0.5106	
0.00	0.5106	
